    center_x = 4.546000242233276
    center_y = 8.281999945640564
    center_z = 16.65249991416931
    size_x = 21.38200044631958
    size_y = 19.37399983406067
    size_z = 21.82099962234497